function mpc = case118_tree

%% MATPOWER Case Format : Version 2
mpc.version = '2';

%%-----  Power Flow Data  -----%%
%% system MVA base
mpc.baseMVA = 1;

%% bus data
%	bus_i	type	Pd	Qd	Gs	Bs	area	Vm	Va	baseKV	zone	Vmax	Vmin
mpc.bus = [
	1	2	51	27	0	0	1	0.955	4.78346275	138	1	1.06	0.94;
	2	1	20	9	0	0	1	0.980471643	5.84817139	138	1	1.06	0.94;
	3	1	39	10	0	0	1	0.961837234	6.13821912	138	1	1.06	0.94;
	4	2	39	12	0	0	1	0.998	11.6567235	138	1	1.06	0.94;
	5	1	0	0	0	-40	1	1.00114689	11.8041947	138	1	1.06	0.94;
	6	2	52	22	0	0	1	0.99	9.61042537	138	1	1.06	0.94;
	7	1	19	2	0	0	1	0.988689465	9.38446178	138	1	1.06	0.94;
	8	2	28	0	0	0	1	1.015	16.661001	345	1	1.06	0.94;
	9	1	0	0	0	0	1	1.02304268	24.1456005	345	1	1.06	0.94;
	10	2	0	0	0	0	1	1.05	31.7848465	345	1	1.06	0.94;
	11	1	70	23	0	0	1	0.980601212	6.84905624	138	1	1.06	0.94;
	12	2	47	10	0	0	1	0.99	6.4760566	138	1	1.06	0.94;
	13	1	34	16	0	0	1	0.960293043	5.5533078	138	1	1.06	0.94;
	14	1	14	1	0	0	1	0.986182228	5.9077963	138	1	1.06	0.94;
	15	2	90	30	0	0	1	0.97	6.87884199	138	1	1.06	0.94;
	16	1	25	10	0	0	1	0.956631357	6.68453366	138	1	1.06	0.94;
	17	1	11	3	0	0	1	0.988228974	9.13894537	138	1	1.06	0.94;
	18	2	60	34	0	0	1	0.973	5.97583574	138	1	1.06	0.94;
	19	2	45	25	0	0	1	0.962	4.69154021	138	1	1.06	0.94;
	20	1	18	3	0	0	1	0.91971019	8.53862374	138	1	1.06	0.94;
	21	1	14	8	0	0	1	0.926199644	9.52963792	138	1	1.06	0.94;
	22	1	10	5	0	0	1	0.945816225	11.4097836	138	1	1.06	0.94;
	23	1	7	3	0	0	1	0.992907998	15.1529587	138	1	1.06	0.94;
	24	2	13	0	0	0	1	0.992	14.7669058	138	1	1.06	0.94;
	25	2	0	0	0	0	1	1.05	22.7457543	138	1	1.06	0.94;
	26	2	0	0	0	0	1	1.015	24.7753958	345	1	1.06	0.94;
	27	2	71	13	0	0	1	0.968	10.4238224	138	1	1.06	0.94;
	28	1	17	7	0	0	1	0.948589101	8.36639642	138	1	1.06	0.94;
	29	1	24	4	0	0	1	0.938224635	6.97028511	138	1	1.06	0.94;
	30	1	0	0	0	0	1	0.966510914	14.3795137	345	1	1.06	0.94;
	31	2	43	27	0	0	1	0.967	4.83310149	138	1	1.06	0.94;
	32	2	59	23	0	0	1	0.963	7.30344046	138	1	1.06	0.94;
	33	1	23	9	0	0	1	0.96232537	5.51722776	138	1	1.06	0.94;
	34	2	59	26	0	14	1	0.984	6.75771172	138	1	1.06	0.94;
	35	1	33	9	0	0	1	0.977567659	6.34801663	138	1	1.06	0.94;
	36	2	31	17	0	0	1	0.98	6.28700854	138	1	1.06	0.94;
	37	1	0	0	0	-25	1	0.985982636	7.26414402	138	1	1.06	0.94;
	38	1	0	0	0	0	1	0.94084365	12.5333645	345	1	1.06	0.94;
	39	1	27	11	0	0	1	0.964565758	5.75248005	138	1	1.06	0.94;
	40	2	66	23	0	0	1	0.97	-0.0633053852	138	1	1.06	0.94;
	41	1	37	10	0	0	1	0.953766449	-19.128376	138	1	1.06	0.94;
	42	2	96	23	0	0	1	0.985	-16.3309651	138	1	1.06	0.94;
	43	1	18	7	0	0	1	0.913845606	-4.1641983	138	1	1.06	0.94;
	44	1	16	8	0	10	1	0.945628179	-1.51672879	138	1	1.06	0.94;
	45	1	53	22	0	10	1	0.961061522	0.329309829	138	1	1.06	0.94;
	46	2	28	10	0	10	1	1.005	-1.2368531	138	1	1.06	0.94;
	47	1	34	0	0	0	1	1.00206209	24.7748235	138	1	1.06	0.94;
	48	1	20	11	0	15	1	1.0237765	10.8047616	138	1	1.06	0.94;
	49	2	87	30	0	0	1	1.025	11.4023815	138	1	1.06	0.94;
	50	1	17	4	0	0	1	1.0117842	10.3007494	138	1	1.06	0.94;
	51	1	17	8	0	0	1	0.977018962	8.16175259	138	1	1.06	0.94;
	52	1	18	5	0	0	1	0.970172446	7.58333082	138	1	1.06	0.94;
	53	1	23	11	0	0	1	0.933769709	-5.82353238	138	1	1.06	0.94;
	54	2	113	32	0	0	1	0.955	-4.20631427	138	1	1.06	0.94;
	55	2	63	22	0	0	1	0.952	4.86682899	138	1	1.06	0.94;
	56	2	84	18	0	0	1	0.954	-0.37398274	138	1	1.06	0.94;
	57	1	12	3	0	0	1	1.00198972	9.4723089	138	1	1.06	0.94;
	58	1	12	3	0	0	1	0.971616041	7.68716301	138	1	1.06	0.94;
	59	2	277	113	0	0	1	0.985	13.3201696	138	1	1.06	0.94;
	60	1	78	3	0	0	1	0.99246136	20.0240483	138	1	1.06	0.94;
	61	2	0	0	0	0	1	0.995	20.6304265	138	1	1.06	0.94;
	62	2	77	14	0	0	1	0.998	14.2973658	138	1	1.06	0.94;
	63	1	0	0	0	0	1	0.9626938	17.7656572	345	1	1.06	0.94;
	64	1	0	0	0	0	1	0.978275383	20.1232652	345	1	1.06	0.94;
	65	2	0	0	0	0	1	1.005	23.5310284	345	1	1.06	0.94;
	66	2	39	18	0	0	1	1.05	23.4992391	138	1	1.06	0.94;
	67	1	28	7	0	0	1	1.03677806	22.0858289	138	1	1.06	0.94;
	68	1	0	0	0	0	1	0.999316349	26.2082387	345	1	1.06	0.94;
	69	3	0	0	0	0	1	1.035	30	138	1	1.06	0.94;
	70	2	66	20	0	0	1	0.984	24.2432292	138	1	1.06	0.94;
	71	1	0	0	0	0	1	0.986261124	23.8077401	138	1	1.06	0.94;
	72	2	12	0	0	0	1	0.98	22.5352108	138	1	1.06	0.94;
	73	2	6	0	0	0	1	0.991	23.5896521	138	1	1.06	0.94;
	74	2	68	27	0	12	1	0.958	17.4334556	138	1	1.06	0.94;
	75	1	47	11	0	0	1	0.954733835	19.3915449	138	1	1.06	0.94;
	76	2	68	36	0	0	1	0.943	14.0262706	138	1	1.06	0.94;
	77	2	61	28	0	0	1	1.006	19.6675667	138	1	1.06	0.94;
	78	1	71	26	0	0	1	1.00007641	19.2218511	138	1	1.06	0.94;
	79	1	39	32	0	20	1	1.02626746	24.459483	138	1	1.06	0.94;
	80	2	130	26	0	0	1	1.04	25.8419321	138	1	1.06	0.94;
	81	1	0	0	0	0	1	0.98881749	26.1014778	345	1	1.06	0.94;
	82	1	54	27	0	20	1	0.980100954	18.970132	138	1	1.06	0.94;
	83	1	20	10	0	10	1	0.978540272	19.7711817	138	1	1.06	0.94;
	84	1	11	7	0	0	1	0.976994155	24.4324303	138	1	1.06	0.94;
	85	2	24	15	0	0	1	0.985	24.7263708	138	1	1.06	0.94;
	86	1	21	10	0	0	1	0.983920414	23.3984847	138	1	1.06	0.94;
	87	2	0	0	0	0	1	1.015	23.6364425	161	1	1.06	0.94;
	88	1	48	10	0	0	1	0.990530946	33.694939	138	1	1.06	0.94;
	89	2	0	0	0	0	1	1.005	35.5823023	138	1	1.06	0.94;
	90	2	163	42	0	0	1	0.985	25.658331	138	1	1.06	0.94;
	91	2	10	0	0	0	1	0.98	26.7336475	138	1	1.06	0.94;
	92	2	65	10	0	0	1	0.99	27.3794094	138	1	1.06	0.94;
	93	1	12	7	0	0	1	0.980753973	26.8854876	138	1	1.06	0.94;
	94	1	30	16	0	0	1	0.967954857	11.910446	138	1	1.06	0.94;
	95	1	42	31	0	0	1	0.947795538	11.0275764	138	1	1.06	0.94;
	96	1	38	15	0	0	1	0.997080952	22.3134313	138	1	1.06	0.94;
	97	1	15	9	0	0	1	1.02909488	25.1800702	138	1	1.06	0.94;
	98	1	34	8	0	0	1	1.02308869	23.9667977	138	1	1.06	0.94;
	99	2	42	0	0	0	1	1.01	6.46833761	138	1	1.06	0.94;
	100	2	37	18	0	0	1	1.017	8.38652751	138	1	1.06	0.94;
	101	1	22	15	0	0	1	0.952091242	25.3231474	138	1	1.06	0.94;
	102	1	5	3	0	0	1	0.9756691	26.6154445	138	1	1.06	0.94;
	103	2	23	16	0	0	1	1.01	6.64403347	138	1	1.06	0.94;
	104	2	38	25	0	0	1	0.971	-8.11412477	138	1	1.06	0.94;
	105	2	31	26	0	20	1	0.965	-10.3202739	138	1	1.06	0.94;
	106	1	43	16	0	0	1	0.946464981	3.09380633	138	1	1.06	0.94;
	107	2	50	12	0	6	1	0.952	-16.3862554	138	1	1.06	0.94;
	108	1	2	1	0	0	1	0.959308761	-10.6907573	138	1	1.06	0.94;
	109	1	8	3	0	0	1	0.957526928	-10.8148221	138	1	1.06	0.94;
	110	2	39	30	0	6	1	0.973	-1.08682429	138	1	1.06	0.94;
	111	2	0	0	0	0	1	0.98	0.55825661	138	1	1.06	0.94;
	112	2	68	13	0	0	1	0.975	-4.18604186	138	1	1.06	0.94;
	113	2	6	0	0	0	1	0.993	5.96103824	138	1	1.06	0.94;
	114	1	8	3	0	0	1	0.959950981	7.02508994	138	1	1.06	0.94;
	115	1	22	7	0	0	1	0.958697023	9.48817438	138	1	1.06	0.94;
	116	2	184	0	0	0	1	1.005	25.7525939	138	1	1.06	0.94;
	117	1	20	8	0	0	1	0.971351066	4.9644185	138	1	1.06	0.94;
	118	1	33	15	0	0	1	0.941882621	18.5187394	138	1	1.06	0.94;
];

%% generator data
%	bus	Pg	Qg	Qmax	Qmin	Vg	mBase	status	Pmax	Pmin	Pc1	Pc2	Qc1min	Qc1max	Qc2min	Qc2max	ramp_agc	ramp_10	ramp_30	ramp_q	apf
