function mpc = case85_Q

%% MATPOWER Case Format : Version 2
mpc.version = '2';

%%-----  Power Flow Data  -----%%
%% system MVA base
mpc.baseMVA = 1;

%% bus data
%	bus_i	type	Pd	Qd	Gs	Bs	area	Vm	Va	baseKV	zone	Vmax	Vmin
mpc.bus = [
	1		3		0	0	0	0	1		1	0	138		1		1.06	0.94;
	2	1	20	20.4040812	0	0	1	0.99	0	138	1	1.06	0.94;
	3	1	0	0	0	0	1	0.99	0	138	1	1.06	0.94;
	4	1	56	57.1314274	0	0	1	0.98	0	138	1	1.06	0.94;
	5	1	0	0	0	0	1	0.97	0	138	1	1.06	0.94;
	6	1	35.28	35.9927993	0	0	1	0.96	0	138	1	1.06	0.94;
	7	1	0	0	0	0	1	0.96	0	138	1	1.06	0.94;
	8	1	35.28	35.9927993	0	0	1	0.92	0	138	1	1.06	0.94;
	9	1	0	0	0	0	1	0.92	0	138	1	1.06	0.94;
	10	1	0	0	0	0	1	0.91	0	138	1	1.06	0.94;
	11	1	56	57.1314274	0	0	1	0.1	0	138	1	1.06	0.94;
	12	1	0	0	0	0	1	0.91	0	138	1	1.06	0.94;
	13	1	0	0	0	0	1	0.91	0	138	1	1.06	0.94;
	14	1	35.28	35.9927993	0	0	1	0.91	0	138	1	1.06	0.94;
	15	1	35.28	35.9927993	0	0	1	0.91	0	138	1	1.06	0.94;
	16	1	35.28	35.9927993	0	0	1	1	0	138	1	1.06	0.94;
	17	1	112	114.262855	0	0	1	0.99	0	138	1	1.06	0.94;
	18	1	56	57.1314274	0	0	1	0.98	0	138	1	1.06	0.94;
	19	1	56	57.1314274	0	0	1	0.97	0	138	1	1.06	0.94;
	20	1	35.28	35.9927993	0	0	1	0.97	0	138	1	1.06	0.94;
	21	1	35.28	35.9927993	0	0	1	0.97	0	138	1	1.06	0.94;
	22	1	35.28	35.9927993	0	0	1	0.97	0	138	1	1.06	0.94;
	23	1	56	57.1314274	0	0	1	0.97	0	138	1	1.06	0.94;
	24	1	35.28	35.9927993	0	0	1	0.96	0	138	1	1.06	0.94;
	25	1	35.28	35.9927993	0	0	1	0.91	0	138	1	1.06	0.94;
	26	1	56	57.1314274	0	0	1	0.91	0	138	1	1.06	0.94;
	27	1	0	0	0	0	1	0.9	0	138	1	1.06	0.94;
	28	1	56	57.1314274	0	0	1	0.9	0	138	1	1.06	0.94;
	29	1	0	0	0	0	1	0.9	0	138	1	1.06	0.94;
	30	1	35.28	35.9927993	0	0	1	0.9	0	138	1	1.06	0.94;
	31	1	35.28	35.9927993	0	0	1	0.89	0	138	1	1.06	0.94;
	32	1	0	0	0	0	1	0.89	0	138	1	1.06	0.94;
	33	1	14	14.2828569	0	0	1	0.89	0	138	1	1.06	0.94;
	34	1	0	0	0	0	1	0.88	0	138	1	1.06	0.94;
	35	1	0	0	0	0	1	0.88	0	138	1	1.06	0.94;
	36	1	35.28	35.9927993	0	0	1	0.88	0	138	1	1.06	0.94;
	37	1	56	57.1314274	0	0	1	0.91	0	138	1	1.06	0.94;
	38	1	56	57.1314274	0	0	1	0.9	0	138	1	1.06	0.94;
	39	1	56	57.1314274	0	0	1	0.9	0	138	1	1.06	0.94;
	40	1	35.28	35.9927993	0	0	1	0.89	0	138	1	1.06	0.94;
	41	1	0	0	0	0	1	0.89	0	138	1	1.06	0.94;
	42	1	35.28	35.9927993	0	0	1	0.89	0	138	1	1.06	0.94;
	43	1	35.28	35.9927993	0	0	1	0.89	0	138	1	1.06	0.94;
	44	1	35.28	35.9927993	0	0	1	0.88	0	138	1	1.06	0.94;
	45	1	35.28	35.9927993	0	0	1	0.002	0	138	1	1.06	0.94;
	46	1	35.28	35.9927993	0	0	1	0.88	0	138	1	1.06	0.94;
	47	1	14	14.2828569	0	0	1	0.88	0	138	1	1.06	0.94;
	48	1	0	0	0	0	1	0.88	0	138	1	1.06	0.94;
	49	1	0	0	0	0	1	0.88	0	138	1	1.06	0.94;
	50	1	36.28	37.0130033	0	0	1	0.88	0	138	1	1.06	0.94;
	51	1	56	57.1314274	0	0	1	0.88	0	138	1	1.06	0.94;
	52	1	0	0	0	0	1	0.88	0	138	1	1.06	0.94;
	53	1	35.28	35.9927993	0	0	1	0.88	0	138	1	1.06	0.94;
	54	1	56	57.1314274	0	0	1	0.88	0	138	1	1.06	0.94;
	55	1	56	57.1314274	0	0	1	0.88	0	138	1	1.06	0.94;
	56	1	14	14.2828569	0	0	1	0.88	0	138	1	1.06	0.94;
	57	1	56	57.1314274	0	0	1	0.91	0	138	1	1.06	0.94;
	58	1	0	0	0	0	1	0.91	0	138	1	1.06	0.94;
	59	1	56	57.1314274	0	0	1	0.91	0	138	1	1.06	0.94;
	60	1	56	57.1314274	0	0	1	0.91	0	138	1	1.06	0.94;
	61	1	56	57.1314274	0	0	1	0.91	0	138	1	1.06	0.94;
	62	1	56	57.1314274	0	0	1	0.9	0	138	1	1.06	0.94;
	63	1	14	14.2828569	0	0	1	0.9	0	138	1	1.06	0.94;
	64	1	0	0	0	0	1	0.9	0	138	1	1.06	0.94;
	65	1	0	0	0	0	1	0.9	0	138	1	1.06	0.94;
	66	1	56	57.1314274	0	0	1	0.9	0	138	1	1.06	0.94;
	67	1	0	0	0	0	1	0.9	0	138	1	1.06	0.94;
	68	1	0	0	0	0	1	0.9	0	138	1	1.06	0.94;
	69	1	56	57.1314274	0	0	1	0.9	0	138	1	1.06	0.94;
	70	1	0	0	0	0	1	0.89	0	138	1	1.06	0.94;
	71	1	35.28	35.9927993	0	0	1	0.89	0	138	1	1.06	0.94;
	72	1	56	57.1314274	0	0	1	0.89	0	138	1	1.06	0.94;
	73	1	0	0	0	0	1	0.89	0	138	1	1.06	0.94;
	74	1	56	57.1314274	0	0	1	0.89	0	138	1	1.06	0.94;
	75	1	35.28	35.9927993	0	0	1	0.89	0	138	1	1.06	0.94;
	76	1	56	57.1314274	0	0	1	0.89	0	138	1	1.06	0.94;
	77	1	14	14.2828569	0	0	1	0.91	0	138	1	1.06	0.94;
	78	1	56	57.1314274	0	0	1	0.91	0	138	1	1.06	0.94;
	79	1	35.28	35.9927993	0	0	1	0.91	0	138	1	1.06	0.94;
	80	1	56	57.1314274	0	0	1	0.91	0	138	1	1.06	0.94;
	81	1	0	0	0	0	1	0.91	0	138	1	1.06	0.94;
	82	1	56	57.1314274	0	0	1	0.91	0	138	1	1.06	0.94;
	83	1	35.28	35.9927993	0	0	1	0.91	0	138	1	1.06	0.94;
	84	1	14	14.2828569	0	0	1	0.91	0	138	1	1.06	0.94;
	85	1	35.28	35.9927993	0	0	1	0.91	0	138	1	1.06	0.94;
];

%% generator data
%	bus	Pg	Qg	Qmax	Qmin	Vg	mBase	status	Pmax	Pmin	Pc1	Pc2	Qc1min	Qc1max	Qc2min	Qc2max	ramp_agc	ramp_10	ramp_30	ramp_q	apf
mpc.gen = [
	1	2600	0	5000	-5000	1	100	1	5000	0	0	0	0	0	0	0	0	0	0	0	0;
];

%% branch data
%	fbus	tbus	r	x	b	rateA	rateB	rateC	ratio	angle	status	angmin	angmax
