function mpc = case118_v2

%% MATPOWER Case Format : Version 2
mpc.version = '2';

%%-----  Power Flow Data  -----%%
%% system MVA base
mpc.baseMVA = 1;

%% bus data
%	bus_i	type	Pd	Qd	Gs	Bs	area	Vm	Va	baseKV	zone	Vmax	Vmin
mpc.bus = [
	1	2	51	27	0	0	1	0.955	-24.9072521	138	1	1.06	0.94;
	2	1	20	9	0	0	1	0.980471643	-23.8440455	138	1	1.06	0.94;
	3	1	39	10	0	0	1	0.961572075	-23.5472775	138	1	1.06	0.94;
	4	2	39	12	0	0	1	0.998	-18.024976	138	1	1.06	0.94;
	5	1	0	0	0	0	1	1.00023823	-17.8658843	138	1	1.06	0.94;
	6	2	52	22	0	0	1	0.99	-20.0732328	138	1	1.06	0.94;
	7	1	19	2	0	0	1	0.988689465	-20.2991964	138	1	1.06	0.94;
	8	2	28	0	0	0	1	1.015	-12.9304254	138	1	1.06	0.94;
	9	1	0	0	0	0	1	1.02304268	-5.44582593	138	1	1.06	0.94;
	10	2	0	0	0	0	1	1.05	2.19342002	138	1	1.06	0.94;
	11	1	70	23	0	0	1	0.980390161	-22.8393284	138	1	1.06	0.94;
	12	2	47	10	0	0	1	0.99	-23.2161603	138	1	1.06	0.94;
	13	1	34	16	0	0	1	0.960077319	-24.1356471	138	1	1.06	0.94;
	14	1	14	1	0	0	1	0.986182228	-23.7844206	138	1	1.06	0.94;
	15	2	90	30	0	0	1	0.97	-23.0624096	138	1	1.06	0.94;
	16	1	25	10	0	0	1	0.948926811	-23.1452573	138	1	1.06	0.94;
	17	1	11	3	0	0	1	0.980795394	-20.6521401	138	1	1.06	0.94;
	18	2	60	34	0	0	1	0.973	-23.9468325	138	1	1.06	0.94;
	19	2	45	25	0	0	1	0.962	-25.2311281	138	1	1.06	0.94;
	20	1	18	3	0	0	1	0.91971019	-21.2994511	138	1	1.06	0.94;
	21	1	14	8	0	0	1	0.926199644	-20.3084369	138	1	1.06	0.94;
	22	1	10	5	0	0	1	0.945816225	-18.4282913	138	1	1.06	0.94;
	23	1	7	3	0	0	1	0.992907998	-14.6851162	138	1	1.06	0.94;
	24	2	13	0	0	0	1	0.992	-15.071169	138	1	1.06	0.94;
	25	2	0	0	0	0	1	1.05	-7.09232056	138	1	1.06	0.94;
	26	2	0	0	0	0	1	1.015	-4.97807302	138	1	1.06	0.94;
	27	2	71	13	0	0	1	0.968	-19.4142525	138	1	1.06	0.94;
	28	1	17	7	0	0	1	0.948589101	-21.4716784	138	1	1.06	0.94;
	29	1	24	4	0	0	1	0.938224635	-22.8677897	138	1	1.06	0.94;
	30	1	0	0	0	0	1	0.987267752	-15.2667103	138	1	1.06	0.94;
	31	2	43	27	0	0	1	0.967	-25.0049733	138	1	1.06	0.94;
	32	2	59	23	0	0	1	0.963	-22.5346344	138	1	1.06	0.94;
	33	1	23	9	0	0	1	0.958660654	-24.3004915	138	1	1.06	0.94;
	34	2	59	26	0	0	1	0.984	-23.1056589	138	1	1.06	0.94;
	35	1	33	9	0	0	1	0.97396476	-23.4633784	138	1	1.06	0.94;
	36	2	31	17	0	0	1	0.98	-23.5763621	138	1	1.06	0.94;
	37	1	0	0	0	0	1	0.982411795	-22.5405192	138	1	1.06	0.94;
	38	1	0	0	0	0	1	0.978609167	-17.0999164	138	1	1.06	0.94;
	39	1	27	11	0	0	1	0.960910889	-24.063451	138	1	1.06	0.94;
	40	2	66	23	0	0	1	0.97	-29.9730753	138	1	1.06	0.94;
	41	1	37	10	0	0	1	0.953766449	-49.095428	138	1	1.06	0.94;
	42	2	96	23	0	0	1	0.985	-46.2980171	138	1	1.06	0.94;
	43	1	18	7	0	0	1	0.88745342	-34.1626432	138	1	1.06	0.94;
	44	1	16	8	0	0	1	0.920241686	-31.3611134	138	1	1.06	0.94;
	45	1	53	22	0	0	1	0.944877061	-29.5636864	138	1	1.06	0.94;
	46	2	28	10	0	0	1	1.005	-31.4490431	138	1	1.06	0.94;
	47	1	34	0	0	0	1	1.00206209	-5.22517654	138	1	1.06	0.94;
	48	1	20	11	0	0	1	1.01597741	-19.0120367	138	1	1.06	0.94;
	49	2	87	30	0	0	1	1.025	-18.5646705	138	1	1.06	0.94;
	50	1	17	4	0	0	1	1.0117842	-19.6663026	138	1	1.06	0.94;
	51	1	17	8	0	0	1	0.977018962	-21.8052995	138	1	1.06	0.94;
	52	1	18	5	0	0	1	0.970172446	-22.3837212	138	1	1.06	0.94;
	53	1	23	11	0	0	1	0.933769709	-35.7905844	138	1	1.06	0.94;
	54	2	113	32	0	0	1	0.955	-34.1733663	138	1	1.06	0.94;
	55	2	63	22	0	0	1	0.952	-25.0843299	138	1	1.06	0.94;
	56	2	84	18	0	0	1	0.954	-30.3251417	138	1	1.06	0.94;
	57	1	12	3	0	0	1	1.00198972	-20.4947432	138	1	1.06	0.94;
	58	1	12	3	0	0	1	0.971616041	-22.279889	138	1	1.06	0.94;
	59	2	277	113	0	0	1	0.985	-16.6309893	138	1	1.06	0.94;
	60	1	78	3	0	0	1	0.99246136	-9.92711063	138	1	1.06	0.94;
	61	2	0	0	0	0	1	0.995	-9.32073242	138	1	1.06	0.94;
	62	2	77	14	0	0	1	0.998	-15.6226197	138	1	1.06	0.94;
	63	1	0	0	0	0	1	0.985912438	-12.1091711	138	1	1.06	0.94;
	64	1	0	0	0	0	1	0.992243058	-9.79538392	138	1	1.06	0.94;
	65	2	0	0	0	0	1	1.005	-6.36778391	138	1	1.06	0.94;
	66	2	39	18	0	0	1	1.05	-6.42074634	138	1	1.06	0.94;
	67	1	28	7	0	0	1	1.03677806	-7.83415654	138	1	1.06	0.94;
	68	1	0	0	0	0	1	1.01016235	-4.02184092	138	1	1.06	0.94;
	69	3	0	0	0	0	1	1.035	0	138	1	1.06	0.94;
	70	2	66	20	0	0	1	0.984	-5.75677079	138	1	1.06	0.94;
	71	1	0	0	0	0	1	0.986261124	-6.19225985	138	1	1.06	0.94;
	72	2	12	0	0	0	1	0.98	-7.46478922	138	1	1.06	0.94;
	73	2	6	0	0	0	1	0.991	-6.41034789	138	1	1.06	0.94;
	74	2	68	27	0	0	1	0.958	-12.5665444	138	1	1.06	0.94;
	75	1	47	11	0	0	1	0.954733835	-10.6084551	138	1	1.06	0.94;
	76	2	68	36	0	0	1	0.943	-16.3364989	138	1	1.06	0.94;
	77	2	61	28	0	0	1	1.006	-10.6952027	138	1	1.06	0.94;
	78	1	71	26	0	0	1	1.00007641	-11.1409184	138	1	1.06	0.94;
	79	1	39	32	0	0	1	1.01147545	-5.73382742	138	1	1.06	0.94;
	80	2	130	26	0	0	1	1.04	-4.51018632	138	1	1.06	0.94;
	81	1	0	0	0	0	1	1.02053565	-4.23096601	138	1	1.06	0.94;
	82	1	54	27	0	0	1	0.963627043	-11.0827213	138	1	1.06	0.94;
	83	1	20	10	0	0	1	0.962437248	-10.2607571	138	1	1.06	0.94;
	84	1	11	7	0	0	1	0.976994155	-5.7901806	138	1	1.06	0.94;
	85	2	24	15	0	0	1	0.985	-5.49624008	138	1	1.06	0.94;
	86	1	21	10	0	0	1	0.983920414	-6.82412619	138	1	1.06	0.94;
	87	2	0	0	0	0	1	1.015	-6.5861684	138	1	1.06	0.94;
	88	1	48	10	0	0	1	0.990530946	3.47232812	138	1	1.06	0.94;
	89	2	0	0	0	0	1	1.005	5.3596914	138	1	1.06	0.94;
	90	2	163	42	0	0	1	0.985	-4.56427993	138	1	1.06	0.94;
	91	2	10	0	0	0	1	0.98	-3.4889634	138	1	1.06	0.94;
	92	2	65	10	0	0	1	0.99	-2.84320153	138	1	1.06	0.94;
	93	1	12	7	0	0	1	0.980753973	-3.33712333	138	1	1.06	0.94;
	94	1	30	16	0	0	1	0.967954857	-18.3121649	138	1	1.06	0.94;
	95	1	42	31	0	0	1	0.947795538	-19.1950345	138	1	1.06	0.94;
	96	1	38	15	0	0	1	0.997080952	-8.03868716	138	1	1.06	0.94;
	97	1	15	9	0	0	1	1.02909488	-5.17204826	138	1	1.06	0.94;
	98	1	34	8	0	0	1	1.02308869	-6.38532077	138	1	1.06	0.94;
	99	2	42	0	0	0	1	1.01	-23.7542733	138	1	1.06	0.94;
	100	2	37	18	0	0	1	1.017	-21.8360834	138	1	1.06	0.94;
	101	1	22	15	0	0	1	0.952091242	-4.89946351	138	1	1.06	0.94;
	102	1	5	3	0	0	1	0.9756691	-3.60716644	138	1	1.06	0.94;
	103	2	23	16	0	0	1	1.01	-23.5785774	138	1	1.06	0.94;
	104	2	38	25	0	0	1	0.971	-38.3367357	138	1	1.06	0.94;
	105	2	31	26	0	0	1	0.965	-40.5428848	138	1	1.06	0.94;
	106	1	43	16	0	0	1	0.946464981	-27.1288046	138	1	1.06	0.94;
	107	2	50	12	0	0	1	0.952	-46.6088663	138	1	1.06	0.94;
	108	1	2	1	0	0	1	0.959308761	-40.9133683	138	1	1.06	0.94;
	109	1	8	3	0	0	1	0.957526928	-41.037433	138	1	1.06	0.94;
	110	2	39	30	0	0	1	0.973	-31.3094352	138	1	1.06	0.94;
	111	2	0	0	0	0	1	0.98	-29.6643543	138	1	1.06	0.94;
	112	2	68	13	0	0	1	0.975	-34.4086528	138	1	1.06	0.94;
	113	2	6	0	0	0	1	0.993	-23.8770366	138	1	1.06	0.94;
	114	1	8	3	0	0	1	0.959950981	-22.8129849	138	1	1.06	0.94;
	115	1	22	7	0	0	1	0.958697023	-20.3499005	138	1	1.06	0.94;
	116	2	184	0	0	0	1	1.005	-4.42091366	138	1	1.06	0.94;
	117	1	20	8	0	0	1	0.971351066	-24.7277984	138	1	1.06	0.94;
	118	1	33	15	0	0	1	0.941882621	-11.4812606	138	1	1.06	0.94;
];

%% generator data
%	bus	Pg	Qg	Qmax	Qmin	Vg	mBase	status	Pmax	Pmin	Pc1	Pc2	Qc1min	Qc1max	Qc2min	Qc2max	ramp_agc	ramp_10	ramp_30	ramp_q	apf
