function mpc = case15
%% MATPOWER Case Format : Version 2
mpc.version = '2';

%% system MVA base
mpc.baseMVA = 1;

%% bus data
%	bus_i	type	Pd	Qd	Gs	Bs	area	Vm	Va	baseKV	zone	Vmax	Vmin
mpc.bus = [
	1	3	0		0	0	0	1	1	0	1000	1	1.1	0.9;
	2	1	.063	0	0	0	1	.97	0	1000	1	1.1	0.9;
	3	1	.100	0	0	0	1	.96	0	1000	1	1.1	0.9;
	4	1	.200	0	0	0	1	.95	0	1000	1	1.1	0.9;
	5	1	.063	0	0	0	1	.95	0	1000	1	1.1	0.9;
	6	1	.200	0	0	0	1	.96	0	1000	1	1.1	0.9;
	7	1	.200	0	0	0	1	.96	0	1000	1	1.1	0.9;
	8	1	.100	0	0	0	1	.96	0	1000	1	1.1	0.9;
	9	1	.100	0	0	0	1	.97	0	1000	1	1.1	0.9;
	10	1	.063	0	0	0	1	.97	0	1000	1	1.1	0.9;
	11	1	.200	0	0	0	1	.95	0	1000	1	1.1	0.9;
	12	1	.100	0	0	0	1	.95	0	1000	1	1.1	0.9;
	13	1	.063	0	0	0	1	.94	0	1000	1	1.1	0.9;
	14	1	.100	0	0	0	1	.95	0	1000	1	1.1	0.9;
	15	1	.200	0	0	0	1	.95	0	1000	1	1.1	0.9;
];

%% generator data
%	bus	Pg	Qg	Qmax	Qmin	Vg	mBase	status	Pmax	Pmin	Pc1	Pc2	Qc1min	Qc1max	Qc2min	Qc2max	ramp_agc	ramp_10	ramp_30	ramp_q	apf
mpc.gen = [
	1	0	0	3	-3	1	100	1	2.5	0	0	0	0	0	0	0	0	0	0	0	0;
];

%% branch data
%	fbus	tbus	r	x	b	rateA	rateB	rateC	ratio	angle	status	angmin	angmax
mpc.branch = [
	1 2 1.35309 1.32349		0	250	250	250	0	0	1	-360	360;
	2 3 1.17024 1.14464		0	250	250	250	0	0	1	-360	360;
	3 4 0.84111 0.82271		0	250	250	250	0	0	1	-360	360;
	4 5 1.52348 1.02760		0	250	250	250	0	0	1	-360	360;
	2 9 2.01317 1.35790		0	250	250	250	0	0	1	-360	360;
	9 10 1.68671 1.13770	0	250	250	250	0	0	1	-360	360;
	2 6 2.55727 1.72490		0	250	250	250	0	0	1	-360	360;
	6 7 1.08820 0.73400		0	250	250	250	0	0	1	-360	360;
	6 8 1.25143 0.84410		0	250	250	250	0	0	1	-360	360;
	3 11 1.79553 1.21110	0	250	250	250	0	0	1	-360	360;
	11 12 2.44845 1.65150	0	250	250	250	0	0	1	-360	360;
	12 13 2.01317 1.35790	0	250	250	250	0	0	1	-360	360;
	4 14 2.23081 1.50470	0	250	250	250	0	0	1	-360	360;
	4 15 1.19702 0.80740	0	250	250	250	0	0	1	-360	360;
];