function mpc = case85_v2

%% MATPOWER Case Format : Version 2
mpc.version = '2';

%%-----  Power Flow Data  -----%%
%% system MVA base
mpc.baseMVA = 1;

%% bus data
%	bus_i	type	Pd	Qd	Gs	Bs	area	Vm	Va	baseKV	zone	Vmax	Vmin
mpc.bus = [
	1	3	0	0	0	0	1	1	0	1	1	1.06	0.94;
	2	1	0	0	0	0	1	0.995675517	0.0419304272	1	1	1.06	0.94;
	3	1	0	0	0	0	1	0.989258872	0.10663001	1	1	1.06	0.94;
	4	1	0.056	0.0571314274	0	0	1	0.981066263	0.190237128	1	1	1.06	0.94;
	5	1	0	0	0	0	1	0.977079644	0.231572995	1	1	1.06	0.94;
	6	1	0.03528	0.0359927993	0	0	1	0.962748409	0.381318535	1	1	1.06	0.94;
	7	1	0	0	0	0	1	0.953936996	0.47595646	1	1	1.06	0.94;
	8	1	0.03528	0.0359927993	0	0	1	0.915785605	0.90435507	1	1	1.06	0.94;
	9	1	0	0	0	0	1	0.913973536	0.925973819	1	1	1.06	0.94;
	10	1	0	0	0	0	1	0.910454525	0.969083238	1	1	1.06	0.94;
	11	1	0.056	0.0571314274	0	0	1	0.90772382	1.00272882	1	1	1.06	0.94;
	12	1	0	0	0	0	1	0.905464761	1.03068831	1	1	1.06	0.94;
	13	1	0	0	0	0	1	0.904481468	1.04293034	1	1	1.06	0.94;
	14	1	0.03528	0.0359927993	0	0	1	0.904183631	1.04666834	1	1	1.06	0.94;
	15	1	0.03528	0.0359927993	0	0	1	0.904005108	1.04890807	1	1	1.06	0.94;
	16	1	0.03528	0.0359927993	0	0	1	0.995372008	0.0493591486	1	1	1.06	0.94;
	17	1	0.112	0.114262855	0	0	1	0.988652322	0.121552417	1	1	1.06	0.94;
	18	1	0.056	0.0571314274	0	0	1	0.97436259	0.299206481	1	1	1.06	0.94;
	19	1	0.056	0.0571314274	0	0	1	0.97268348	0.341204054	1	1	1.06	0.94;
	20	1	0.03528	0.0359927993	0	0	1	0.972100044	0.35579023	1	1	1.06	0.94;
	21	1	0.03528	0.0359927993	0	0	1	0.971399835	0.373323854	1	1	1.06	0.94;
	22	1	0.03528	0.0359927993	0	0	1	0.970738111	0.389928636	1	1	1.06	0.94;
	23	1	0.056	0.0571314274	0	0	1	0.97256046	0.344306434	1	1	1.06	0.94;
	24	1	0.03528	0.0359927993	0	0	1	0.953540806	0.486064665	1	1	1.06	0.94;
	25	1	0.03528	0.0359927993	0	0	1	0.910229728	1.04728154	1	1	1.06	0.94;
	26	1	0.056	0.0571314274	0	0	1	0.905956679	1.15850828	1	1	1.06	0.94;
	27	1	0	0	0	0	1	0.900350363	1.3059199	1	1	1.06	0.94;
	28	1	0.056	0.0571314274	0	0	1	0.897749138	1.3748695	1	1	1.06	0.94;
	29	1	0	0	0	0	1	0.892950559	1.50296158	1	1	1.06	0.94;
	30	1	0.03528	0.0359927993	0	0	1	0.888558822	1.62131529	1	1	1.06	0.94;
	31	1	0.03528	0.0359927993	0	0	1	0.886491742	1.67741296	1	1	1.06	0.94;
	32	1	0	0	0	0	1	0.885200965	1.71271224	1	1	1.06	0.94;
	33	1	0.014	0.0142828569	0	0	1	0.884166389	1.74101716	1	1	1.06	0.94;
	34	1	0	0	0	0	1	0.879655745	1.86431517	1	1	1.06	0.94;
	35	1	0	0	0	0	1	0.877175455	1.93271224	1	1	1.06	0.94;
	36	1	0.03528	0.0359927993	0	0	1	0.877089516	1.93511546	1	1	1.06	0.94;
	37	1	0.056	0.0571314274	0	0	1	0.905691947	1.16562957	1	1	1.06	0.94;
	38	1	0.056	0.0571314274	0	0	1	0.899616492	1.32576732	1	1	1.06	0.94;
	39	1	0.056	0.0571314274	0	0	1	0.892547872	1.51397534	1	1	1.06	0.94;
	40	1	0.03528	0.0359927993	0	0	1	0.884559683	1.73032611	1	1	1.06	0.94;
	41	1	0	0	0	0	1	0.883618027	1.75624115	1	1	1.06	0.94;
	42	1	0.03528	0.0359927993	0	0	1	0.883489883	1.75978307	1	1	1.06	0.94;
	43	1	0.03528	0.0359927993	0	0	1	0.883404207	1.76213066	1	1	1.06	0.94;
	44	1	0.03528	0.0359927993	0	0	1	0.878044385	1.90885591	1	1	1.06	0.94;
	45	1	0.03528	0.0359927993	0	0	1	0.877010542	1.93752754	1	1	1.06	0.94;
	46	1	0.03528	0.0359927993	0	0	1	0.876407924	1.95426803	1	1	1.06	0.94;
	47	1	0.014	0.0142828569	0	0	1	0.87630539	1.95712544	1	1	1.06	0.94;
	48	1	0	0	0	0	1	0.874997574	1.99307469	1	1	1.06	0.94;
	49	1	0	0	0	0	1	0.874737779	2.00035189	1	1	1.06	0.94;
	50	1	0.03628	0.0370130033	0	0	1	0.874285732	2.01294216	1	1	1.06	0.94;
	51	1	0.056	0.0571314274	0	0	1	0.873942658	2.02249266	1	1	1.06	0.94;
	52	1	0	0	0	0	1	0.87228107	2.06860344	1	1	1.06	0.94;
	53	1	0.03528	0.0359927993	0	0	1	0.871720228	2.0842463	1	1	1.06	0.94;
	54	1	0.056	0.0571314274	0	0	1	0.871307724	2.09580332	1	1	1.06	0.94;
	55	1	0.056	0.0571314274	0	0	1	0.871868831	2.0801456	1	1	1.06	0.94;
	56	1	0.014	0.0142828569	0	0	1	0.874635049	2.00322022	1	1	1.06	0.94;
	57	1	0.056	0.0571314274	0	0	1	0.911479607	0.991252209	1	1	1.06	0.94;
	58	1	0	0	0	0	1	0.904589635	1.17277349	1	1	1.06	0.94;
	59	1	0.056	0.0571314274	0	0	1	0.904457351	1.17636059	1	1	1.06	0.94;
	60	1	0.056	0.0571314274	0	0	1	0.900402457	1.28475036	1	1	1.06	0.94;
	61	1	0.056	0.0571314274	0	0	1	0.899335445	1.3136138	1	1	1.06	0.94;
	62	1	0.056	0.0571314274	0	0	1	0.89860127	1.33353888	1	1	1.06	0.94;
	63	1	0.014	0.0142828569	0	0	1	0.899408364	1.31153355	1	1	1.06	0.94;
	64	1	0	0	0	0	1	0.895559335	1.41512544	1	1	1.06	0.94;
	65	1	0	0	0	0	1	0.895392281	1.41970038	1	1	1.06	0.94;
	66	1	0.056	0.0571314274	0	0	1	0.895258638	1.42336156	1	1	1.06	0.94;
	67	1	0	0	0	0	1	0.89357269	1.46883508	1	1	1.06	0.94;
	68	1	0	0	0	0	1	0.890695089	1.54695137	1	1	1.06	0.94;
	69	1	0.056	0.0571314274	0	0	1	0.888564114	1.60520272	1	1	1.06	0.94;
	70	1	0	0	0	0	1	0.888013498	1.62027716	1	1	1.06	0.94;
	71	1	0.03528	0.0359927993	0	0	1	0.88775844	1.62729204	1	1	1.06	0.94;
	72	1	0.056	0.0571314274	0	0	1	0.893438774	1.47251119	1	1	1.06	0.94;
	73	1	0	0	0	0	1	0.889264953	1.58607366	1	1	1.06	0.94;
	74	1	0.056	0.0571314274	0	0	1	0.889062824	1.59162504	1	1	1.06	0.94;
	75	1	0.03528	0.0359927993	0	0	1	0.888796998	1.59888752	1	1	1.06	0.94;
	76	1	0.056	0.0571314274	0	0	1	0.88760857	1.63141378	1	1	1.06	0.94;
	77	1	0.014	0.0142828569	0	0	1	0.895375644	1.4201621	1	1	1.06	0.94;
	78	1	0.056	0.0571314274	0	0	1	0.909993555	0.981433316	1	1	1.06	0.94;
	79	1	0.03528	0.0359927993	0	0	1	0.89331922	1.47576293	1	1	1.06	0.94;
	80	1	0.056	0.0571314274	0	0	1	0.903935594	1.07180896	1	1	1.06	0.94;
	81	1	0	0	0	0	1	0.903436391	1.08526042	1	1	1.06	0.94;
	82	1	0.056	0.0571314274	0	0	1	0.903370431	1.08707466	1	1	1.06	0.94;
	83	1	0.03528	0.0359927993	0	0	1	0.902735132	1.10417483	1	1	1.06	0.94;
	84	1	0.014	0.0142828569	0	0	1	0.902552271	1.10910748	1	1	1.06	0.94;
	85	1	0.03528	0.0359927993	0	0	1	0.904105466	1.05305387	1	1	1.06	0.94;
];

%% generator data
%	bus	Pg	Qg	Qmax	Qmin	Vg	mBase	status	Pmax	Pmin	Pc1	Pc2	Qc1min	Qc1max	Qc2min	Qc2max	ramp_agc	ramp_10	ramp_30	ramp_q	apf
mpc.gen = [
	1	2.886416	2.82082372	2.8	-5000	1	1	1	5000	0	0	0	0	0	0	0	0	0	0	0	0;
];

%% branch data
%	fbus	tbus	r	x	b	rateA	rateB	rateC	ratio	angle	status	angmin	angmax	Pf	Qf	Pt	Qt
