function mpc = case118_v2

%% MATPOWER Case Format : Version 2
mpc.version = '2';

%%-----  Power Flow Data  -----%%
%% system MVA base
mpc.baseMVA = 1;

%% bus data
%	bus_i	type	Pd	Qd	Gs	Bs	area	Vm	Va	baseKV	zone	Vmax	Vmin
mpc.bus = [
	1	2	51	27	0	0	1	0.955	4.69473065	138	1	1.06	0.94;
	2	1	20	9	0	0	1	0.980471643	5.76275805	138	1	1.06	0.94;
	3	1	39	10	0	0	1	0.962425171	6.03792741	138	1	1.06	0.94;
	4	2	39	12	0	0	1	0.998	11.5480665	138	1	1.06	0.94;
	5	1	0	0	0	0	1	1.00316203	11.6698438	138	1	1.06	0.94;
	6	2	52	22	0	0	1	0.99	9.50609837	138	1	1.06	0.94;
	7	1	19	2	0	0	1	0.988689465	9.28013478	138	1	1.06	0.94;
	8	2	28	0	0	0	1	1.015	16.5171563	345	1	1.06	0.94;
	9	1	0	0	0	0	1	1.02304268	24.0017558	345	1	1.06	0.94;
	10	2	0	0	0	0	1	1.05	31.6410018	345	1	1.06	0.94;
	11	1	70	23	0	0	1	0.98106915	6.75515232	138	1	1.06	0.94;
	12	2	47	10	0	0	1	0.99	6.39064326	138	1	1.06	0.94;
	13	1	34	16	0	0	1	0.960771336	5.46066687	138	1	1.06	0.94;
	14	1	14	1	0	0	1	0.986182228	5.82238295	138	1	1.06	0.94;
	15	2	90	30	0	0	1	0.97	6.73938332	138	1	1.06	0.94;
	16	1	25	10	0	0	1	0.956754575	6.54330383	138	1	1.06	0.94;
	17	1	11	3	0	0	1	0.988347898	8.99710378	138	1	1.06	0.94;
	18	2	60	34	0	0	1	0.973	5.8360824	138	1	1.06	0.94;
	19	2	45	25	0	0	1	0.962	4.55178687	138	1	1.06	0.94;
	20	1	18	3	0	0	1	0.91971019	8.39295764	138	1	1.06	0.94;
	21	1	14	8	0	0	1	0.926199644	9.38397181	138	1	1.06	0.94;
	22	1	10	5	0	0	1	0.945816225	11.2641175	138	1	1.06	0.94;
	23	1	7	3	0	0	1	0.992907998	15.0072926	138	1	1.06	0.94;
	24	2	13	0	0	0	1	0.992	14.6212397	138	1	1.06	0.94;
	25	2	0	0	0	0	1	1.05	22.6000882	138	1	1.06	0.94;
	26	2	0	0	0	0	1	1.015	24.6297297	345	1	1.06	0.94;
	27	2	71	13	0	0	1	0.968	10.2781562	138	1	1.06	0.94;
	28	1	17	7	0	0	1	0.948589101	8.22073032	138	1	1.06	0.94;
	29	1	24	4	0	0	1	0.938224635	6.82461901	138	1	1.06	0.94;
	30	1	0	0	0	0	1	0.966810691	14.2354294	345	1	1.06	0.94;
	31	2	43	27	0	0	1	0.967	4.68743539	138	1	1.06	0.94;
	32	2	59	23	0	0	1	0.963	7.15777436	138	1	1.06	0.94;
	33	1	23	9	0	0	1	0.96438369	5.39678025	138	1	1.06	0.94;
	34	2	59	26	0	0	1	0.984	6.66277967	138	1	1.06	0.94;
	35	1	33	9	0	0	1	0.979591483	6.22404837	138	1	1.06	0.94;
	36	2	31	17	0	0	1	0.98	6.19207649	138	1	1.06	0.94;
	37	1	0	0	0	0	1	0.98798856	7.13642655	138	1	1.06	0.94;
	38	1	0	0	0	0	1	0.941923124	12.388359	345	1	1.06	0.94;
	39	1	27	11	0	0	1	0.966618587	5.63103701	138	1	1.06	0.94;
	40	2	66	23	0	0	1	0.97	-0.132354661	138	1	1.06	0.94;
	41	1	37	10	0	0	1	0.953766449	-19.2840602	138	1	1.06	0.94;
	42	2	96	23	0	0	1	0.985	-16.4866493	138	1	1.06	0.94;
	43	1	18	7	0	0	1	0.88745342	-4.35127533	138	1	1.06	0.94;
	44	1	16	8	0	0	1	0.920241686	-1.54974556	138	1	1.06	0.94;
	45	1	53	22	0	0	1	0.944877061	0.247681433	138	1	1.06	0.94;
	46	2	28	10	0	0	1	1.005	-1.63767525	138	1	1.06	0.94;
	47	1	34	0	0	0	1	1.00206209	24.7748235	138	1	1.06	0.94;
	48	1	20	11	0	0	1	1.01597741	10.7993312	138	1	1.06	0.94;
	49	2	87	30	0	0	1	1.025	11.2466973	138	1	1.06	0.94;
	50	1	17	4	0	0	1	1.0117842	10.1450652	138	1	1.06	0.94;
	51	1	17	8	0	0	1	0.977018962	8.00606838	138	1	1.06	0.94;
	52	1	18	5	0	0	1	0.970172446	7.4276466	138	1	1.06	0.94;
	53	1	23	11	0	0	1	0.933769709	-5.97921659	138	1	1.06	0.94;
	54	2	113	32	0	0	1	0.955	-4.36199848	138	1	1.06	0.94;
	55	2	63	22	0	0	1	0.952	4.7132946	138	1	1.06	0.94;
	56	2	84	18	0	0	1	0.954	-0.527517135	138	1	1.06	0.94;
	57	1	12	3	0	0	1	1.00198972	9.31662469	138	1	1.06	0.94;
	58	1	12	3	0	0	1	0.971616041	7.53147879	138	1	1.06	0.94;
	59	2	277	113	0	0	1	0.985	13.1666352	138	1	1.06	0.94;
	60	1	78	3	0	0	1	0.99246136	19.8705139	138	1	1.06	0.94;
	61	2	0	0	0	0	1	0.995	20.4768921	138	1	1.06	0.94;
	62	2	77	14	0	0	1	0.998	14.1432431	138	1	1.06	0.94;
	63	1	0	0	0	0	1	0.9626938	17.6121228	345	1	1.06	0.94;
	64	1	0	0	0	0	1	0.978275383	19.9697308	345	1	1.06	0.94;
	65	2	0	0	0	0	1	1.005	23.377494	345	1	1.06	0.94;
	66	2	39	18	0	0	1	1.05	23.3451164	138	1	1.06	0.94;
	67	1	28	7	0	0	1	1.03677806	21.9317062	138	1	1.06	0.94;
	68	1	0	0	0	0	1	0.999315663	26.1983671	345	1	1.06	0.94;
	69	3	0	0	0	0	1	1.035	30	138	1	1.06	0.94;
	70	2	66	20	0	0	1	0.984	24.2432292	138	1	1.06	0.94;
	71	1	0	0	0	0	1	0.986261124	23.8077401	138	1	1.06	0.94;
	72	2	12	0	0	0	1	0.98	22.5352108	138	1	1.06	0.94;
	73	2	6	0	0	0	1	0.991	23.5896521	138	1	1.06	0.94;
	74	2	68	27	0	0	1	0.958	17.4334556	138	1	1.06	0.94;
	75	1	47	11	0	0	1	0.954733835	19.3915449	138	1	1.06	0.94;
	76	2	68	36	0	0	1	0.943	13.9898123	138	1	1.06	0.94;
	77	2	61	28	0	0	1	1.006	19.6311084	138	1	1.06	0.94;
	78	1	71	26	0	0	1	1.00007641	19.1853928	138	1	1.06	0.94;
	79	1	39	32	0	0	1	1.01147545	24.5924837	138	1	1.06	0.94;
	80	2	130	26	0	0	1	1.04	25.8161248	138	1	1.06	0.94;
	81	1	0	0	0	0	1	0.988811049	26.0855719	345	1	1.06	0.94;
	82	1	54	27	0	0	1	0.963627043	19.2435899	138	1	1.06	0.94;
	83	1	20	10	0	0	1	0.962437248	20.065554	138	1	1.06	0.94;
	84	1	11	7	0	0	1	0.976994155	24.5361306	138	1	1.06	0.94;
	85	2	24	15	0	0	1	0.985	24.8300711	138	1	1.06	0.94;
	86	1	21	10	0	0	1	0.983920414	23.502185	138	1	1.06	0.94;
	87	2	0	0	0	0	1	1.015	23.7401428	161	1	1.06	0.94;
	88	1	48	10	0	0	1	0.990530946	33.7986393	138	1	1.06	0.94;
	89	2	0	0	0	0	1	1.005	35.6860026	138	1	1.06	0.94;
	90	2	163	42	0	0	1	0.985	25.7620312	138	1	1.06	0.94;
	91	2	10	0	0	0	1	0.98	26.8373478	138	1	1.06	0.94;
	92	2	65	10	0	0	1	0.99	27.4831096	138	1	1.06	0.94;
	93	1	12	7	0	0	1	0.980753973	26.9891878	138	1	1.06	0.94;
	94	1	30	16	0	0	1	0.967954857	12.0141463	138	1	1.06	0.94;
	95	1	42	31	0	0	1	0.947795538	11.1312766	138	1	1.06	0.94;
	96	1	38	15	0	0	1	0.997080952	22.287624	138	1	1.06	0.94;
	97	1	15	9	0	0	1	1.02909488	25.1542629	138	1	1.06	0.94;
	98	1	34	8	0	0	1	1.02308869	23.9409904	138	1	1.06	0.94;
	99	2	42	0	0	0	1	1.01	6.57203787	138	1	1.06	0.94;
	100	2	37	18	0	0	1	1.017	8.49022777	138	1	1.06	0.94;
	101	1	22	15	0	0	1	0.952091242	25.4268477	138	1	1.06	0.94;
	102	1	5	3	0	0	1	0.9756691	26.7191447	138	1	1.06	0.94;
	103	2	23	16	0	0	1	1.01	6.74773373	138	1	1.06	0.94;
	104	2	38	25	0	0	1	0.971	-8.01042451	138	1	1.06	0.94;
	105	2	31	26	0	0	1	0.965	-10.2165736	138	1	1.06	0.94;
	106	1	43	16	0	0	1	0.946464981	3.19750659	138	1	1.06	0.94;
	107	2	50	12	0	0	1	0.952	-16.2825552	138	1	1.06	0.94;
	108	1	2	1	0	0	1	0.959308761	-10.5870571	138	1	1.06	0.94;
	109	1	8	3	0	0	1	0.957526928	-10.7111218	138	1	1.06	0.94;
	110	2	39	30	0	0	1	0.973	-0.983124028	138	1	1.06	0.94;
	111	2	0	0	0	0	1	0.98	0.66195687	138	1	1.06	0.94;
	112	2	68	13	0	0	1	0.975	-4.0823416	138	1	1.06	0.94;
	113	2	6	0	0	0	1	0.993	5.81537214	138	1	1.06	0.94;
	114	1	8	3	0	0	1	0.959950981	6.87942383	138	1	1.06	0.94;
	115	1	22	7	0	0	1	0.958697023	9.34250827	138	1	1.06	0.94;
	116	2	184	0	0	0	1	1.005	25.7427187	138	1	1.06	0.94;
	117	1	20	8	0	0	1	0.971351066	4.87900515	138	1	1.06	0.94;
	118	1	33	15	0	0	1	0.941882621	18.5187394	138	1	1.06	0.94;
];

%% generator data
%	bus	Pg	Qg	Qmax	Qmin	Vg	mBase	status	Pmax	Pmin	Pc1	Pc2	Qc1min	Qc1max	Qc2min	Qc2max	ramp_agc	ramp_10	ramp_30	ramp_q	apf
